[
  [
    [
      2,
      1,
      1,
      1
    ],
    [
      3,
      2,
      1,
      1
    ],
    [
      3,
      5,
      1,
      1
    ],
    [
      3,
      5,
      4,
      1
    ],
    [
      3,
      5,
      4,
      4
    ]
  ],
  [
    [
      2,
      1,
      1,
      1
    ],
    [
      3,
      2,
      1,
      1
    ],
    [
      3,
      5,
      1,
      1
    ],
    [
      3,
      5,
      4,
      1
    ],
    [
      3,
      5,
      4,
      4
    ]
  ],
  [
    [
      2,
      1,
      1,
      1
    ],
    [
      3,
      2,
      1,
      1
    ],
    [
      3,
      5,
      1,
      1
    ],
    [
      3,
      5,
      4,
      1
    ],
    [
      3,
      5,
      4,
      4
    ]
  ],
  [
    [
      2,
      1,
      1,
      1
    ],
    [
      3,
      2,
      1,
      1
    ],
    [
      3,
      5,
      1,
      1
    ],
    [
      3,
      5,
      4,
      1
    ],
    [
      3,
      5,
      4,
      4
    ]
  ]
]