[
  [
    [
      2,
      1,
      1
    ],
    [
      5,
      1,
      1
    ],
    [
      5,
      4,
      1,
      6,
      6
    ],
    [
      5,
      4,
      4,
      10
    ]
  ],
  [
    [
      2,
      1,
      1
    ],
    [
      5,
      1,
      1
    ],
    [
      5,
      4,
      1,
      6,
      6
    ],
    [
      5,
      4,
      4,
      10
    ]
  ],
  [
    [
      2,
      1,
      1
    ],
    [
      5,
      1,
      1
    ],
    [
      5,
      4,
      1,
      6,
      6
    ],
    [
      5,
      4,
      4,
      10
    ]
  ],
  [
    [
      2,
      1,
      1
    ],
    [
      5,
      1,
      1
    ],
    [
      5,
      4,
      1,
      6,
      6
    ],
    [
      5,
      4,
      4,
      10
    ]
  ]
]