[
  [
    [
      [
        1,
        [
          2,
          1
        ],
        "Sat",
        2,
        [
          3,
          2
        ]
      ]
    ],
    [
      [
        1,
        [
          2,
          1
        ],
        "Vio",
        3,
        [
          5,
          1
        ]
      ]
    ]
  ],
  [
    [
      [
        2,
        [
          3,
          2
        ],
        "Sat",
        4,
        [
          3,
          3
        ]
      ],
      [
        3,
        [
          5,
          1
        ],
        "Exp",
        6,
        [
          5,
          4
        ]
      ]
    ],
    [
      [
        2,
        [
          3,
          2
        ],
        "Vio",
        5,
        [
          3,
          5
        ]
      ],
      [
        3,
        [
          5,
          1
        ],
        "Exp",
        6,
        [
          5,
          4
        ]
      ]
    ]
  ]
]