[
  [
    [
      4,
      5
    ],
    [
      6,
      7
    ],
    [
      8,
      9
    ],
    [
      8,
      9
    ],
    [
      1,
      1
    ],
    [
      1,
      1
    ],
    [
      1,
      1
    ],
    [
      1,
      1
    ]
  ],
  [
    [
      100,
      200
    ],
    [
      100,
      200
    ],
    [
      100,
      200
    ],
    [
      100,
      200
    ],
    [
      1,
      1
    ],
    [
      1,
      1
    ],
    [
      1,
      1
    ],
    [
      1,
      1
    ]
  ]
]