[
  [
    [
      1,
      1
    ],
    [
      3,
      3
    ],
    [
      16,
      16
    ],
    [
      16,
      16
    ]
  ],
  [
    [
      2,
      2
    ],
    [
      4,
      4
    ],
    [
      16,
      16
    ],
    [
      16,
      16
    ]
  ],
  [
    [
      5,
      5
    ],
    [
      5,
      5
    ],
    [
      16,
      16
    ],
    [
      16,
      16
    ]
  ],
  [
    [
      5,
      5
    ],
    [
      5,
      5
    ],
    [
      16,
      16
    ],
    [
      16,
      16
    ]
  ],
  [
    [
      11,
      11
    ],
    [
      13,
      13
    ],
    [
      6,
      6
    ],
    [
      8,
      8
    ]
  ],
  [
    [
      12,
      12
    ],
    [
      14,
      14
    ],
    [
      7,
      7
    ],
    [
      9,
      9
    ]
  ],
  [
    [
      15,
      15
    ],
    [
      15,
      15
    ],
    [
      10,
      10
    ],
    [
      10,
      10
    ]
  ],
  [
    [
      15,
      15
    ],
    [
      15,
      15
    ],
    [
      10,
      10
    ],
    [
      10,
      10
    ]
  ]
]