[
  [
    [
      1,
      1
    ],
    [
      9,
      9
    ],
    [
      37,
      37
    ],
    [
      41,
      41
    ]
  ],
  [
    [
      1,
      1
    ],
    [
      9,
      9
    ],
    [
      37,
      37
    ],
    [
      41,
      41
    ]
  ],
  [
    [
      1,
      1
    ],
    [
      9,
      9
    ],
    [
      37,
      37
    ],
    [
      41,
      41
    ]
  ],
  [
    [
      1,
      1
    ],
    [
      9,
      9
    ],
    [
      37,
      37
    ],
    [
      41,
      41
    ]
  ],
  [
    [
      1,
      1
    ],
    [
      9,
      9
    ],
    [
      37,
      37
    ],
    [
      41,
      41
    ]
  ],
  [
    [
      2,
      2
    ],
    [
      10,
      10
    ],
    [
      37,
      37
    ],
    [
      41,
      41
    ]
  ],
  [
    [
      1,
      1
    ],
    [
      9,
      9
    ],
    [
      37,
      37
    ],
    [
      41,
      41
    ]
  ],
  [
    [
      2,
      2
    ],
    [
      10,
      10
    ],
    [
      37,
      37
    ],
    [
      41,
      41
    ]
  ],
  [
    [
      1,
      1
    ],
    [
      9,
      9
    ],
    [
      37,
      37
    ],
    [
      41,
      41
    ]
  ],
  [
    [
      1,
      1
    ],
    [
      9,
      9
    ],
    [
      37,
      37
    ],
    [
      41,
      41
    ]
  ],
  [
    [
      3,
      3
    ],
    [
      11,
      11
    ],
    [
      38,
      38
    ],
    [
      42,
      42
    ]
  ],
  [
    [
      3,
      3
    ],
    [
      11,
      11
    ],
    [
      38,
      38
    ],
    [
      42,
      42
    ]
  ],
  [
    [
      1,
      1
    ],
    [
      9,
      9
    ],
    [
      37,
      37
    ],
    [
      41,
      41
    ]
  ],
  [
    [
      2,
      2
    ],
    [
      10,
      10
    ],
    [
      37,
      37
    ],
    [
      41,
      41
    ]
  ],
  [
    [
      3,
      3
    ],
    [
      11,
      11
    ],
    [
      38,
      38
    ],
    [
      42,
      42
    ]
  ],
  [
    [
      4,
      4
    ],
    [
      12,
      12
    ],
    [
      38,
      38
    ],
    [
      42,
      42
    ]
  ],
  [
    [
      25,
      25
    ],
    [
      33,
      33
    ],
    [
      13,
      13
    ],
    [
      21,
      21
    ]
  ],
  [
    [
      25,
      25
    ],
    [
      33,
      33
    ],
    [
      13,
      13
    ],
    [
      21,
      21
    ]
  ],
  [
    [
      25,
      25
    ],
    [
      33,
      33
    ],
    [
      13,
      13
    ],
    [
      21,
      21
    ]
  ],
  [
    [
      25,
      25
    ],
    [
      33,
      33
    ],
    [
      13,
      13
    ],
    [
      21,
      21
    ]
  ],
  [
    [
      25,
      25
    ],
    [
      33,
      33
    ],
    [
      13,
      13
    ],
    [
      21,
      21
    ]
  ],
  [
    [
      26,
      26
    ],
    [
      34,
      34
    ],
    [
      14,
      14
    ],
    [
      22,
      22
    ]
  ],
  [
    [
      25,
      25
    ],
    [
      33,
      33
    ],
    [
      13,
      13
    ],
    [
      21,
      21
    ]
  ],
  [
    [
      26,
      26
    ],
    [
      34,
      34
    ],
    [
      14,
      14
    ],
    [
      22,
      22
    ]
  ],
  [
    [
      25,
      25
    ],
    [
      33,
      33
    ],
    [
      13,
      13
    ],
    [
      21,
      21
    ]
  ],
  [
    [
      25,
      25
    ],
    [
      33,
      33
    ],
    [
      13,
      13
    ],
    [
      21,
      21
    ]
  ],
  [
    [
      27,
      27
    ],
    [
      35,
      35
    ],
    [
      15,
      15
    ],
    [
      23,
      23
    ]
  ],
  [
    [
      27,
      27
    ],
    [
      35,
      35
    ],
    [
      15,
      15
    ],
    [
      23,
      23
    ]
  ],
  [
    [
      25,
      25
    ],
    [
      33,
      33
    ],
    [
      13,
      13
    ],
    [
      21,
      21
    ]
  ],
  [
    [
      26,
      26
    ],
    [
      34,
      34
    ],
    [
      14,
      14
    ],
    [
      22,
      22
    ]
  ],
  [
    [
      27,
      27
    ],
    [
      35,
      35
    ],
    [
      15,
      15
    ],
    [
      23,
      23
    ]
  ],
  [
    [
      28,
      28
    ],
    [
      36,
      36
    ],
    [
      16,
      16
    ],
    [
      24,
      24
    ]
  ],
  [
    [
      43,
      43
    ],
    [
      5,
      5
    ],
    [
      49,
      49
    ],
    [
      39,
      39
    ]
  ],
  [
    [
      43,
      43
    ],
    [
      5,
      5
    ],
    [
      49,
      49
    ],
    [
      39,
      39
    ]
  ],
  [
    [
      43,
      43
    ],
    [
      5,
      5
    ],
    [
      49,
      49
    ],
    [
      39,
      39
    ]
  ],
  [
    [
      43,
      43
    ],
    [
      5,
      5
    ],
    [
      49,
      49
    ],
    [
      39,
      39
    ]
  ],
  [
    [
      43,
      43
    ],
    [
      5,
      5
    ],
    [
      49,
      49
    ],
    [
      39,
      39
    ]
  ],
  [
    [
      44,
      44
    ],
    [
      6,
      6
    ],
    [
      49,
      49
    ],
    [
      39,
      39
    ]
  ],
  [
    [
      43,
      43
    ],
    [
      5,
      5
    ],
    [
      49,
      49
    ],
    [
      39,
      39
    ]
  ],
  [
    [
      44,
      44
    ],
    [
      6,
      6
    ],
    [
      49,
      49
    ],
    [
      39,
      39
    ]
  ],
  [
    [
      43,
      43
    ],
    [
      5,
      5
    ],
    [
      49,
      49
    ],
    [
      39,
      39
    ]
  ],
  [
    [
      43,
      43
    ],
    [
      5,
      5
    ],
    [
      49,
      49
    ],
    [
      39,
      39
    ]
  ],
  [
    [
      43,
      43
    ],
    [
      7,
      7
    ],
    [
      49,
      49
    ],
    [
      40,
      40
    ]
  ],
  [
    [
      43,
      43
    ],
    [
      7,
      7
    ],
    [
      49,
      49
    ],
    [
      40,
      40
    ]
  ],
  [
    [
      43,
      43
    ],
    [
      5,
      5
    ],
    [
      49,
      49
    ],
    [
      39,
      39
    ]
  ],
  [
    [
      44,
      44
    ],
    [
      6,
      6
    ],
    [
      49,
      49
    ],
    [
      39,
      39
    ]
  ],
  [
    [
      43,
      43
    ],
    [
      7,
      7
    ],
    [
      49,
      49
    ],
    [
      40,
      40
    ]
  ],
  [
    [
      44,
      44
    ],
    [
      8,
      8
    ],
    [
      49,
      49
    ],
    [
      40,
      40
    ]
  ],
  [
    [
      47,
      47
    ],
    [
      29,
      29
    ],
    [
      45,
      45
    ],
    [
      17,
      17
    ]
  ],
  [
    [
      47,
      47
    ],
    [
      29,
      29
    ],
    [
      45,
      45
    ],
    [
      17,
      17
    ]
  ],
  [
    [
      47,
      47
    ],
    [
      29,
      29
    ],
    [
      45,
      45
    ],
    [
      17,
      17
    ]
  ],
  [
    [
      47,
      47
    ],
    [
      29,
      29
    ],
    [
      45,
      45
    ],
    [
      17,
      17
    ]
  ],
  [
    [
      47,
      47
    ],
    [
      29,
      29
    ],
    [
      45,
      45
    ],
    [
      17,
      17
    ]
  ],
  [
    [
      48,
      48
    ],
    [
      30,
      30
    ],
    [
      46,
      46
    ],
    [
      18,
      18
    ]
  ],
  [
    [
      47,
      47
    ],
    [
      29,
      29
    ],
    [
      45,
      45
    ],
    [
      17,
      17
    ]
  ],
  [
    [
      48,
      48
    ],
    [
      30,
      30
    ],
    [
      46,
      46
    ],
    [
      18,
      18
    ]
  ],
  [
    [
      47,
      47
    ],
    [
      29,
      29
    ],
    [
      45,
      45
    ],
    [
      17,
      17
    ]
  ],
  [
    [
      47,
      47
    ],
    [
      29,
      29
    ],
    [
      45,
      45
    ],
    [
      17,
      17
    ]
  ],
  [
    [
      47,
      47
    ],
    [
      31,
      31
    ],
    [
      45,
      45
    ],
    [
      19,
      19
    ]
  ],
  [
    [
      47,
      47
    ],
    [
      31,
      31
    ],
    [
      45,
      45
    ],
    [
      19,
      19
    ]
  ],
  [
    [
      47,
      47
    ],
    [
      29,
      29
    ],
    [
      45,
      45
    ],
    [
      17,
      17
    ]
  ],
  [
    [
      48,
      48
    ],
    [
      30,
      30
    ],
    [
      46,
      46
    ],
    [
      18,
      18
    ]
  ],
  [
    [
      47,
      47
    ],
    [
      31,
      31
    ],
    [
      45,
      45
    ],
    [
      19,
      19
    ]
  ],
  [
    [
      48,
      48
    ],
    [
      32,
      32
    ],
    [
      46,
      46
    ],
    [
      20,
      20
    ]
  ]
]