[
  [
    [
      [
        8,
        [
          1,
          1,
          1,
          1,
          1
        ],
        "Bas",
        9,
        [
          2,
          1,
          1,
          1,
          1
        ]
      ],
      [
        9,
        [
          2,
          1,
          1,
          1,
          1
        ],
        "Sat",
        10,
        [
          3,
          2,
          1,
          1,
          1
        ]
      ],
      [
        14,
        [
          5,
          4,
          1,
          1,
          1
        ],
        "Exp",
        19,
        [
          5,
          4,
          4,
          1,
          4
        ]
      ],
      [
        19,
        [
          5,
          4,
          4,
          1,
          4
        ],
        "Exp",
        25,
        [
          5,
          4,
          4,
          4,
          4
        ]
      ]
    ],
    [
      [
        8,
        [
          1,
          1,
          1,
          1,
          1
        ],
        "Bas",
        9,
        [
          2,
          1,
          1,
          1,
          1
        ]
      ],
      [
        9,
        [
          2,
          1,
          1,
          1,
          1
        ],
        "Sat",
        10,
        [
          3,
          2,
          1,
          1,
          1
        ]
      ],
      [
        14,
        [
          5,
          4,
          1,
          1,
          1
        ],
        "Exp",
        19,
        [
          5,
          4,
          4,
          1,
          4
        ]
      ],
      [
        19,
        [
          5,
          4,
          4,
          1,
          4
        ],
        "Exp",
        25,
        [
          5,
          4,
          4,
          4,
          4
        ]
      ]
    ],
    [
      [
        8,
        [
          1,
          1,
          1,
          1,
          1
        ],
        "Bas",
        9,
        [
          2,
          1,
          1,
          1,
          1
        ]
      ],
      [
        9,
        [
          2,
          1,
          1,
          1,
          1
        ],
        "Vio",
        11,
        [
          5,
          1,
          1,
          1,
          1
        ]
      ],
      [
        14,
        [
          5,
          4,
          1,
          1,
          1
        ],
        "Exp",
        19,
        [
          5,
          4,
          4,
          1,
          4
        ]
      ],
      [
        19,
        [
          5,
          4,
          4,
          1,
          4
        ],
        "Exp",
        25,
        [
          5,
          4,
          4,
          4,
          4
        ]
      ]
    ],
    [
      [
        8,
        [
          1,
          1,
          1,
          1,
          1
        ],
        "Bas",
        9,
        [
          2,
          1,
          1,
          1,
          1
        ]
      ],
      [
        9,
        [
          2,
          1,
          1,
          1,
          1
        ],
        "Vio",
        11,
        [
          5,
          1,
          1,
          1,
          1
        ]
      ],
      [
        14,
        [
          5,
          4,
          1,
          1,
          1
        ],
        "Exp",
        19,
        [
          5,
          4,
          4,
          1,
          4
        ]
      ],
      [
        19,
        [
          5,
          4,
          4,
          1,
          4
        ],
        "Exp",
        25,
        [
          5,
          4,
          4,
          4,
          4
        ]
      ]
    ]
  ],
  [
    [
      [
        10,
        [
          3,
          2,
          1,
          1,
          1
        ],
        "Sat",
        12,
        [
          3,
          3,
          2,
          1,
          1
        ]
      ],
      [
        11,
        [
          5,
          1,
          1,
          1,
          1
        ],
        "Exp",
        14,
        [
          5,
          4,
          1,
          1,
          1
        ]
      ]
    ],
    [
      [
        10,
        [
          3,
          2,
          1,
          1,
          1
        ],
        "Vio",
        13,
        [
          3,
          5,
          1,
          1,
          2
        ]
      ],
      [
        11,
        [
          5,
          1,
          1,
          1,
          1
        ],
        "Exp",
        14,
        [
          5,
          4,
          1,
          1,
          1
        ]
      ]
    ]
  ]
]