[
  [
    [
      [
        26,
        [
          1,
          1
        ],
        "Bas",
        27,
        [
          2,
          1
        ]
      ],
      [
        27,
        [
          2,
          1
        ],
        "Sat",
        28,
        [
          3,
          2
        ]
      ]
    ],
    [
      [
        26,
        [
          1,
          1
        ],
        "Bas",
        27,
        [
          2,
          1
        ]
      ],
      [
        27,
        [
          2,
          1
        ],
        "Vio",
        29,
        [
          5,
          1
        ]
      ]
    ]
  ],
  [
    [
      [
        28,
        [
          3,
          2
        ],
        "Sat",
        30,
        [
          3,
          3
        ]
      ],
      [
        29,
        [
          5,
          1
        ],
        "Exp",
        32,
        [
          5,
          4
        ]
      ]
    ],
    [
      [
        28,
        [
          3,
          2
        ],
        "Vio",
        31,
        [
          3,
          5
        ]
      ],
      [
        29,
        [
          5,
          1
        ],
        "Exp",
        32,
        [
          5,
          4
        ]
      ]
    ]
  ]
]