[
  2,
  64,
  4,
  25,
  [
    [
      10,
      3
    ],
    [
      11,
      3
    ],
    [
      14,
      3
    ],
    [
      15,
      3
    ],
    [
      31,
      1
    ],
    [
      32,
      2
    ],
    [
      33,
      2
    ],
    [
      34,
      2
    ],
    [
      35,
      2
    ],
    [
      36,
      2
    ],
    [
      37,
      2
    ],
    [
      38,
      2
    ],
    [
      39,
      2
    ],
    [
      40,
      2
    ],
    [
      41,
      2
    ],
    [
      42,
      2
    ],
    [
      43,
      2
    ],
    [
      44,
      2
    ],
    [
      45,
      2
    ],
    [
      46,
      2
    ],
    [
      47,
      2
    ],
    [
      53,
      0
    ],
    [
      55,
      0
    ],
    [
      61,
      0
    ],
    [
      63,
      0
    ]
  ]
]