[
  2,
  16,
  2,
  16,
  [
    [
      8,
      0
    ],
    [
      8,
      1
    ],
    [
      9,
      0
    ],
    [
      9,
      1
    ],
    [
      10,
      0
    ],
    [
      10,
      1
    ],
    [
      11,
      0
    ],
    [
      11,
      1
    ],
    [
      12,
      0
    ],
    [
      12,
      1
    ],
    [
      13,
      0
    ],
    [
      13,
      1
    ],
    [
      14,
      0
    ],
    [
      14,
      1
    ],
    [
      15,
      0
    ],
    [
      15,
      1
    ]
  ]
]