[
  [
    [
      2,
      1,
      1
    ],
    [
      5,
      1,
      1
    ],
    [
      5,
      4,
      1,
      6,
      6,
      6
    ],
    [
      5,
      4,
      4,
      10,
      10
    ]
  ],
  [
    [
      2,
      1,
      1
    ],
    [
      3,
      2,
      1
    ],
    [
      3,
      5,
      1,
      5,
      5,
      5
    ],
    [
      3,
      5,
      4,
      9,
      9
    ]
  ],
  [
    [
      2,
      1,
      1
    ],
    [
      3,
      2,
      1
    ],
    [
      3,
      5,
      1,
      5,
      5,
      5
    ],
    [
      3,
      5,
      4,
      9,
      9
    ]
  ]
]