[
  1,
  3,
  3,
  6,
  6,
  11,
  11,
  17,
  1,
  3,
  3,
  6,
  6,
  11,
  11,
  17,
  1,
  3,
  3,
  6,
  6,
  11,
  11,
  17,
  1,
  3,
  3,
  6,
  6,
  11,
  11,
  17,
  1,
  3,
  3,
  6,
  6,
  11,
  11,
  17,
  1,
  3,
  3,
  6,
  6,
  11,
  11,
  17,
  1,
  3,
  3,
  6,
  6,
  11,
  11,
  17,
  1,
  3,
  3,
  6,
  6,
  11,
  11,
  17,
  1,
  3,
  3,
  6,
  6,
  11,
  11,
  17,
  1,
  3,
  3,
  6,
  6,
  11,
  11,
  17,
  1,
  3,
  3,
  6,
  6,
  11,
  11,
  17,
  1,
  3,
  3,
  6,
  6,
  11,
  11,
  17,
  1,
  3,
  3,
  6,
  6,
  11,
  11,
  17,
  1,
  3,
  3,
  6,
  6,
  11,
  11,
  17,
  1,
  3,
  3,
  6,
  6,
  11,
  11,
  17,
  1,
  3,
  3,
  6,
  6,
  11,
  11,
  17
]