[
  [
    [
      2,
      1,
      1
    ],
    [
      5,
      1,
      1
    ],
    [
      5,
      4,
      1,
      6,
      1,
      6,
      1
    ],
    [
      5,
      4,
      4,
      10,
      1
    ]
  ],
  [
    [
      2,
      1,
      1
    ],
    [
      5,
      1,
      1
    ],
    [
      5,
      4,
      1,
      6,
      1,
      6,
      1
    ],
    [
      5,
      4,
      4,
      10,
      1
    ]
  ],
  [
    [
      2,
      1,
      1
    ],
    [
      5,
      1,
      1
    ],
    [
      5,
      4,
      1,
      6,
      1,
      6,
      1
    ],
    [
      5,
      4,
      4,
      10,
      1
    ]
  ],
  [
    [
      2,
      1,
      1
    ],
    [
      5,
      1,
      1
    ],
    [
      5,
      4,
      1,
      6,
      1,
      6,
      1
    ],
    [
      5,
      4,
      4,
      10,
      1
    ]
  ]
]