[
  [
    [
      2,
      1,
      1
    ],
    [
      5,
      1,
      1
    ],
    [
      5,
      4,
      1,
      16,
      1,
      16,
      1
    ],
    [
      5,
      4,
      4,
      20,
      1
    ]
  ],
  [
    [
      2,
      1,
      1
    ],
    [
      5,
      1,
      1
    ],
    [
      5,
      4,
      1,
      16,
      1,
      16,
      1
    ],
    [
      5,
      4,
      4,
      20,
      1
    ]
  ],
  [
    [
      2,
      1,
      1
    ],
    [
      5,
      1,
      1
    ],
    [
      5,
      4,
      1,
      16,
      1,
      16,
      1
    ],
    [
      5,
      4,
      4,
      20,
      1
    ]
  ],
  [
    [
      2,
      1,
      1
    ],
    [
      5,
      1,
      1
    ],
    [
      5,
      4,
      1,
      16,
      1,
      16,
      1
    ],
    [
      5,
      4,
      4,
      20,
      1
    ]
  ]
]