2980
2980
2
10
10
4
10
3
3
10
4
6
6
6
6
6
2980
10
10
10
6
6
3
3
3
3
3
3
3
10
10
10
10
3
3
10
10
10
15
4
4
3
3
6
5
3
3
3
3
6
6
3
6
3
3
3
3
2
3
3
3
4
15
4
6
6
6
6
6
4
4
9
9
9
3
3
3
3
3
3
3
3
3
3
3
3
3
3
3
3
3
3
3
3
3
3
3
6
6
6
6
6
6
6
6
6
6
6
6
6
6
6
6
6
6
6
6
6
6
6
6
6
6
6
6
6
6
6
6
6
6
6
6
6
6
6
6
6
6
6
6
6
6
6
6
6
6
6
6
6
6
6
6
6
6
6
6
6
6
6
6
6
6
6
6
6
6
6
6
6
6
6
6
6
6
6
6
6
6
6
6
6
6
6
6
6
6
6
6
4
4
9
9
9
9
9
9
9
9
9
8
8
15
15
4
4
4
4
4
4
4
4
4
4
4
4
4
4
4
4
4
4
4
4
4
4
4
4
4
4
4
4
4
4
4
4
4
4
4
6
4
4
4
4
4
4
4
4
4
4
4
4
4
4
4
4
4
4
4
4
4
4
4
4
4
4
4
4
4
4
6
4
4
4
4
4
4
4
4
4
4
6
6
15
15
15
15
4
4
3
3
9
9
2
2
2
2
4
4
4
4
4
4
4
4
4
4
4
4
4
4
4
4
4
4
4
4
4
4
4
4
4
4
4
4
4
4
4
4
4
4
19
19
6
6
6
6
3
3
6
6
6
6
6
6
6
6
6
6
6
6
6
6
6
6
6
6
6
6
6
19
19
19
19
6
6
4
4
2
2
2
3
3
3
3
4
4
8
8
8
8
8
8
8
8
8
8
19
19
8
8
8
8
8
8
8
8
8
8
8
8
8
8
8
8
8
8
19
19
19
6
6
2
2
4
4
9
9
10
10
5
5
5
5
5
5
5
3
3
3
3
3
3
5
5
5
5
5
5
5
5
5
5
4
4
4
4
4
4
5
5
5
5
4
4
5
5
5
5
3
3
3
3
9
9
7
7
4
4
4
4
